0000
0000
0000
0000
0000
0000
0000
0000
0000
0000
0000
0000
0000
0000
0000
0000
0000
0000
0000
0000
0000
0000
0000
0000
0000
0000
0000
0000
0000
0000
0000
0000
0000
0000
0000
0000
0000
0000
0000
0000
0000
0000
0000
0000
0000
0000
0000
0000
0000
0000
0000
0000
0000
0000
0000
0000
0000
0000
0000
0000
0000
0000
0000
0000
0000
0000
0000
0000
0000
0000
0000
0000
0000
0000
0000
0000
0000
0000
0000
0000
0000
0000
0000
0000
0000
0000
0000
0000
0000
0000
0000
0000
0000
0000
0000
0000
0000
0000
0000
0000
0000
0000
0000
0000
0000
0000
0000
0000
0000
0000
0000
0000
0000
0000
0000
0000
0000
0000
0000
0000
0000
0000
0000
0000
0000
0000
0000
0000
0000
0000
0000
0000
0000
0000
0000
0000
0000
0000
0000
0000
0000
0000
0000
0000
0000
0000
0000
0000
0000
0000
0000
0000
0000
0000
0000
0000
0000
0000
0000
0000
0000
0000
0000
0000
0000
0000
0000
0000
0000
0000
0000
0000
0000
0000
0000
0000
0000
0000
0000
0000
0000
0000
0000
0000
0000
0000
0000
0000
0000
0000
0000
0000
0000
0000
0000
0000
0000
0000
0000
0000
0000
0000
0000
0000
0000
0000
0000
0000
0000
0000
0000
0000
0000
0000
0000
0000
0000
0000
0000
0000
0000
0000
0000
0000
0000
0000
0000
0000
0000
0000
0000
0000
0000
0000
0000
0000
0000
0000
0000
0000
0000
0000
0000
0000
0000
0000
0000
0000
0000
0000
0000
0000
0000
0000
0000
0000
0000
0000
0000
0000
0000
0000
0000
0000
0000
0000
0000
0000
0000
0000
0000
2124
0000
0000
0000
0000
0000
0000
0000
0000
0000
0000
0000
0000
0000
0000
0000
0000
0000
0000
0000
0000
0000
0000
0000
0000
0000
0000
0000
0000
0000
0000
0000
0000
0000
0000
0000
0000
0000
0000
0000
0000
0000
0000
0000
0000
0000
0000
0861
0000
0000
632C
FFFF
F709
F563
F563
82C2
0000
0000
1080
1060
0000
0000
0000
0000
0000
0000
0000
0000
0000
0000
0000
0000
0000
0000
0000
0000
0000
0000
0000
0000
0000
0000
0000
0000
0000
0000
0000
0000
0000
0000
0000
0000
0000
0000
0000
0000
0020
3100
1040
0000
5AEA
F7BB
F708
F563
F563
82E2
3965
0000
F564
ABE3
49A1
18C2
0000
0000
0000
0000
0000
0000
0000
0000
0000
0000
0000
0000
0000
0000
0000
0000
0000
0000
0000
0000
0000
0000
0000
0000
0000
0000
0000
0000
0000
0000
0000
0000
0000
18A1
8303
CC82
2900
20E2
49E2
EEC9
F6E4
F582
F563
82E2
4164
0820
F563
F563
F563
18A0
0000
0000
0000
0000
0000
0000
0000
0000
0000
0000
0000
0000
0000
0000
0000
0000
0000
0000
0000
0000
0000
0000
0000
0000
0000
0000
0000
0000
0000
0000
0000
0000
0020
CC63
F563
F563
6A63
0820
49E1
EE82
F6C2
F5A2
F563
82E2
0820
9365
F562
F562
F563
18A0
0000
0000
0000
0000
0000
0000
0000
0000
0000
0000
0000
0000
0000
0000
0000
0000
0000
0000
0000
0000
0000
0000
0000
0000
0000
0000
0000
0000
0000
0000
0000
0000
0000
ED44
F563
F562
ED65
0820
5220
F6C2
F6C2
F602
F562
F564
72A3
ED23
F562
F562
7AA2
31A6
0000
0000
0000
0000
0000
0000
0000
0000
0000
0000
0000
0000
0000
0000
0000
0000
0000
0000
0000
0000
0000
0000
0000
0000
0000
0000
0000
0000
0000
0000
0000
0000
20E3
28C0
F563
F562
F562
F563
F682
F6C2
F6C2
F642
F562
F563
FD63
FD63
F562
F563
51E1
0000
0000
0000
0000
0000
0000
0000
0000
0000
0000
0000
0000
0000
0000
0000
0000
0000
0000
0000
0000
0000
0000
0000
0000
0000
0000
0000
0000
0000
0000
0000
0000
0000
0000
1060
BC23
F562
F562
F562
F602
F6C2
F6C2
F662
F562
F562
F562
F562
F562
C443
4183
0000
0000
0000
0000
0000
0000
0000
0000
0000
0000
0000
0000
0000
0000
0000
0000
0000
0000
0000
0000
0000
0000
0000
0000
0000
0000
0000
0000
0000
0000
0000
0000
0000
0000
0000
6221
FD63
FD63
FD63
F5C2
F6C2
F6C2
F6A2
F562
F562
F563
F562
F562
9342
39C7
0000
0000
0000
0000
0000
0000
0000
0000
0000
0000
0000
0000
0000
0000
0000
0000
0000
0000
0000
0000
0000
0000
0000
0000
0000
0000
0000
0000
0000
0000
0000
0000
0000
0000
0000
3962
DCE4
FD63
FD63
F5E2
F6C2
BD07
72E6
8347
D506
49A1
1000
F563
8B23
0000
0000
0000
0000
0000
0000
0000
0000
0000
0000
0000
0000
0000
0000
0000
0000
0000
0000
0000
0000
0000
0000
0000
0000
0000
0000
0000
0000
0000
0000
0000
0000
0000
2104
0000
0861
528A
7282
20C0
0000
1061
3925
3925
4986
4966
3104
1061
0000
0000
0820
2945
0000
0000
0000
0000
0000
0000
0000
0000
0000
0000
0000
0000
0000
0000
0000
0000
0000
0000
0000
0000
0000
0000
0000
0000
0000
0000
0000
0000
0000
0000
0000
0000
0000
0000
0020
18C3
0000
0000
0000
59A7
ECD4
ECD4
ECD4
ECD4
D452
59A6
1861
0000
0000
1082
0000
0000
0000
0000
0000
0000
0000
0000
0000
0000
0000
0000
0000
0000
0000
0000
0000
0000
0000
0000
0000
0000
0000
0000
0000
0000
0000
0000
0000
0000
0000
0000
1061
0000
0000
0000
1061
2882
30A2
CC11
ECD4
ECD4
ECD4
ECD4
ECD4
CBF0
4103
2862
1041
0000
0000
0000
0000
0000
0000
0000
0000
0000
0000
0000
0000
0000
0000
0000
0000
0000
0000
0000
0000
0000
0000
0000
0000
0000
0000
0000
0000
0000
0000
0000
0000
0000
4124
30E3
30A3
30A2
2062
0800
1061
D4D4
ECD4
ECD4
ECD4
ECD4
ECD4
CC92
0841
0820
30A2
30A3
0020
20C3
0000
0000
0000
0000
0000
0000
0000
0000
0000
0000
0000
0000
0000
0000
0000
0000
0000
0000
0000
0000
0000
0000
0000
0000
0000
0000
0000
0000
0000
0000
0000
4186
0841
31A6
31A6
31A6
3186
1082
6208
E493
D4D4
E4F4
9B2D
1062
3186
DEDB
FFFF
E6DB
6A8A
0861
0020
0000
0000
0000
0000
0000
0000
0000
0000
0000
0000
0000
0000
0000
0000
0000
0000
0000
0000
0000
0000
0000
0000
0000
0000
0000
0000
0000
0000
0000
2945
0020
8410
FFFF
BDF7
8C72
9492
8C51
1082
BB90
ECD4
ECB4
828A
528A
B596
8C71
8C72
D6BB
FFFF
8C51
1082
0000
0000
0000
0000
0000
0000
0000
0000
0000
0000
0000
0000
0000
0000
0000
0000
0000
0000
0000
0000
0000
0000
0000
0000
0000
0000
0000
0000
0000
0000
9CD3
FFFF
FFFF
CE7A
18E4
0020
738E
62EB
B390
ECB5
ECB5
828B
7BEF
CE59
8C71
0000
31A6
EF5D
F7BE
7BCF
0000
0000
0000
0000
0000
0000
0000
0000
0000
0000
0000
0000
0000
0000
0000
0000
0000
0000
0000
0000
0000
0000
0000
0000
0000
0000
0000
0000
0000
2965
EF5D
FFDF
AD55
6B4D
10A3
2061
39E7
630C
B390
EC96
EC95
8ACC
1082
2061
1082
0000
0000
E71C
FFFF
AD55
0020
0000
0000
0000
0000
0000
0000
0000
0000
0000
0000
0000
0000
0000
0000
0000
0000
0000
0000
0000
0000
0000
0000
0000
0000
0000
0000
0000
0000
84F4
FFFF
FFDF
9CB3
0000
2061
2061
4208
6B4D
B371
EC96
EC96
7A6B
2104
0000
2061
2061
0861
E71C
FFFF
CF7E
2A8C
0000
0000
0000
0000
0000
0000
0000
0000
0000
0000
0000
0000
0000
0000
0000
0000
0000
0000
0000
0000
0000
0000
0000
0000
0000
0000
0000
0821
4C53
EFDF
FFFF
CE59
2945
0000
0020
7C52
5B6E
B371
E435
E435
7A4B
7D36
636D
0861
2945
9492
F7BE
F7FF
8E7C
19E9
1021
0000
0000
0000
0000
0000
0000
0000
0000
0000
0000
0000
0000
0000
0000
0000
0000
0000
0000
0000
0000
0000
0000
0000
2062
2082
30C3
1021
1167
7E5C
9EFE
F7FF
CE59
A514
6CD4
7E9D
4390
BB51
DBD5
DBD5
8A4D
32EE
530C
328C
7557
A6DD
8EFF
86DE
3C33
0862
1841
2041
2062
2062
0000
0000
0000
0000
0000
0000
0000
0000
0000
0000
0000
0000
0000
0000
0000
0000
0000
0000
0000
20C3
2061
2061
2061
1841
0820
08C3
4E5E
5E7E
5E9E
29E9
1904
9370
C353
CB13
D333
D333
CB33
B352
936E
0862
2B0E
4E5E
465E
332F
0882
1021
2061
2061
2061
2041
0000
0000
0000
0000
0000
0000
0000
0000
0000
0000
0000
0000
0000
0000
0000
0000
0000
0000
0000
2104
1821
2061
2061
2061
1861
0000
08C4
465E
4D79
08E4
B230
CAD3
C2D2
C2D2
C2D2
C2D2
C2D2
C2B2
B230
91ED
22AD
465E
465E
0800
1841
2061
2061
2061
2041
2062
0000
0000
0000
0000
0000
0000
0000
0000
0000
0000
0000
0000
0000
0000
0000
0000
0000
0000
0000
0000
0820
1041
2061
2062
2061
2041
2125
465E
465E
230E
698A
716A
716A
716A
716A
716A
716A
716A
71AB
63D2
3CB6
465E
465E
1841
2062
2061
1041
2061
1021
2904
0000
0000
0000
0000
0000
0000
0000
0000
0000
0000
0000
0000
0000
0000
0000
0000
0000
0000
0000
0000
0020
0000
2061
2061
2061
2061
10E4
465E
465E
465E
2B91
0020
0820
0841
1061
0841
0020
0000
0820
465E
465E
465E
465E
0820
0820
2061
2061
2061
2061
0000
0000
0000
0000
0000
0000
0000
0000
0000
0000
0000
0000
0000
0000
0000
0000
0000
0000
0000
0000
0000
0020
2061
2061
2061
2061
2061
08C3
465E
465E
465E
45FC
0000
0000
0000
0020
0000
2061
2061
0000
465E
465E
465E
465E
2061
2061
2061
2061
2061
0000
0000
0000
0000
0000
0000
0000
0000
0000
0000
0000
0000
0000
0000
0000
0000
0000
0000
0000
0000
0000
0000
0020
1841
1841
1041
3925
2082
1925
465E
465E
465E
45FC
1061
1061
1061
2061
2061
1061
1061
1061
465E
465E
465E
4E5E
E4D4
932D
1021
2061
2061
18A2
0000
0000
0000
0000
0000
0000
0000
0000
0000
0000
0000
0000
0000
0000
0000
0000
0000
0000
0000
0000
0862
1841
2061
1841
51C7
E4B3
ECD4
DD15
465E
465E
465E
4E5D
ECD4
C410
A34E
82EC
82EC
932D
D472
ECD3
465E
465E
465E
465E
ECD4
9B2D
1041
2061
2061
1841
0020
0000
0000
0000
0000
0000
0000
0000
0000
0000
0000
0000
0000
0000
0000
0000
0000
0000
0000
0000
2061
1841
2061
1841
4186
D472
ECD4
DCF5
465E
465E
465E
4E3D
CC51
4165
6A29
D492
CC52
7A8A
6A49
E4B3
465E
465E
465E
465E
ECD4
9B2D
1041
2061
2061
2061
1021
2924
0000
0000
0000
0000
0000
0000
0000
0000
0000
0000
0000
0000
0000
0000
0000
0000
0000
0000
1841
2061
2061
2062
1882
A34E
ECD4
DCF5
465E
465E
465E
563D
AB6E
6A29
E4B3
7AAA
61E8
ECD4
C431
ECB4
465E
465E
465E
465E
ECD3
932D
1021
2061
2061
2061
1861
0861
0000
0000
0000
0000
0000
0000
0000
0000
0000
0000
0000
0000
0000
0000
0000
0000
0000
0800
2041
2061
2061
2061
1041
4166
D472
DCF5
465E
465E
465E
4E3D
ECD4
ECD4
ECD4
2061
3945
E4B4
ECB4
ECD4
465E
465E
465E
465E
CC11
0800
1841
2061
2061
2061
2061
0000
0000
0000
0000
0000
0000
0000
0000
0000
0000
0000
0000
0000
0000
0000
0000
0000
0000
0000
1841
2041
2061
2061
2061
1021
3924
A3D0
465E
465E
465E
4E3D
ECD4
CC31
82EC
ECD4
932D
20A3
BBCF
E4F4
465E
465E
465E
465E
0000
1021
2061
2061
2041
1021
2061
0000
0000
0000
0000
0000
0000
0000
0000
0000
0000
0000
0000
0000
0000
0000
0000
0000
0000
2061
2061
1841
2041
2041
2061
2061
2061
08C3
465E
465E
465E
4E3D
ECD4
6A49
51C7
7249
59C7
3124
7A6A
D4D4
465E
465E
465E
465E
1021
2041
2041
1861
2061
2061
2061
0000
2104
0000
0000
0000
0000
0000
0000
0000
0000
0000
0000
0000
0000
0000
0000
0000
0000
2061
2061
2061
2061
2061
2061
2061
2061
2061
465E
465E
465E
663C
3125
20A2
1841
1841
1841
1841
0820
3124
465E
465E
465D
563D
2061
2041
1861
0820
2061
2061
2061
0000
0000
0000
0000
0000
0000
0000
0000
0000
0000
0000
0000
0000
0000
0000
0000
0000
0000
2061
2061
2061
2061
2061
2062
2061
2061
2105
465E
465E
465E
A6BC
2062
2041
2041
2061
2061
2041
2061
1882
465E
465E
563D
A71F
2041
1841
2061
2061
2061
2061
0000
0000
0000
0000
0000
0000
0000
0000
0000
0000
0000
0000
0000
0000
0000
0000
0000
0000
0000
0000
2061
2061
2061
2061
2061
1021
1841
2105
4E5E
567E
465E
A6BC
2062
2061
2061
2061
2061
2061
2061
1862
669E
567E
667E
B71E
1041
0000
0000
2061
2061
0000
0000
0000
0000
0000
0000
0000
0000
0000
0000
0000
0000
0000
0000
0000
0000
0000
0000
0000
0000
0000
1082
2061
2061
2061
2061
2061
2061
1904
86DE
76BE
465E
AEBC
2041
2061
2061
2061
2061
2061
2061
1883
B73F
86DE
7EBE
B73E
0000
2061
2061
2061
0000
3123
0000
0000
0000
0000
0000
0000
0000
0000
0000
0000
0000
0000
0000
0000
0000
0000
0000
0000
0000
0000
20C2
8A43
3922
0000
2061
2061
2061
10C3
AF1E
8EDE
565D
AEBC
2061
2061
2061
2061
2061
2061
2061
0883
BF3E
8EDE
96DE
BF3E
2061
2061
2061
0000
8AC6
9284
0000
0000
0000
0000
0000
0000
0000
0000
0000
0000
0000
0000
0000
0000
0000
0000
0000
0000
0000
0000
69C2
EBE4
EBC4
B325
0000
2061
2061
10C3
AF1E
AF1E
AF1E
A6BC
0821
1862
2042
2061
2061
2041
1020
0041
BF3E
BF1E
BF3E
BF3E
2061
2061
0000
B325
F3E4
AAC3
18C3
0000
0000
0000
0000
0000
0000
0000
0000
0000
0000
0000
0000
0000
0000
0000
0000
0000
0000
29A6
08C4
8284
C323
F3E4
BB04
3902
2061
10C3
B71E
B71E
AF1E
A6BC
0000
2061
0000
2061
2061
0000
2061
0021
BF3E
BF3E
BF3E
BF3E
0000
30C1
A2A2
EBE4
BB23
6247
1104
0000
0000
0000
0000
0000
0000
0000
0000
0000
0000
0000
0000
0000
0000
0000
0000
0000
0000
08E4
2C14
12AD
19E9
8242
B2E3
DB84
7A02
51E5
B71E
AF1E
AF1E
A6BC
0000
2061
2061
2061
2061
2061
2061
0021
BF3E
BF3E
BF3E
BF1E
7A02
E3E5
A2C3
7265
120A
1B50
120A
1082
0000
0000
0000
0000
0000
0000
0000
0000
0000
0000
0000
0000
0000
0000
0000
0000
0861
1187
2456
1C55
2455
12EE
3249
4942
CBA6
D3E7
B71E
AF1E
AF1E
663C
0000
2061
2061
2061
2061
2061
2061
31C7
BF3E
BF3E
BF3E
9EDE
6181
4983
2AAC
1B30
1C75
1C76
2391
2061
0000
0000
0000
0000
0000
0000
0000
0000
0000
0000
0000
0000
0000
0000
0000
0000
0000
2414
1C76
1C55
1C76
1C76
1C55
23F3
1904
2124
B71E
AF1E
AF1E
45FC
1061
0000
0000
2061
2061
2061
0000
5AEC
BF3E
BF3E
B73F
665D
33B1
1C14
2455
2456
1C55
1C75
2475
2061
0000
0000
0000
0000
0000
0000
0000
0000
0000
0000
0000
0000
0000
0000
0000
0000
0862
2456
2456
1C55
1C55
1C55
1C55
1C76
1C76
34B6
8EDE
86BE
B71E
4E1C
8346
8345
5A25
0000
18A2
6AE7
7B28
5B0C
4E3D
7E9D
8EBE
4E5D
1C55
1C55
1C55
1C55
1C55
1C75
2456
11C9
0841
0000
0000
0000
0000
0000
0000
0000
0000
0000
0000
0000
0000
0000
0000
0000
2B91
2456
1C56
1C55
1C55
1C55
1C55
1C55
1C76
2CB7
6E9E
6E9E
9EFE
461C
09C9
11E9
1A2A
1A2A
220A
1A2A
2B4F
5517
465E
76BE
769E
4E3E
1C55
1C55
1C55
1C55
1C55
1C55
2456
2C34
0000
0000
0000
0000
0000
0000
0000
0000
0000
