0000
0000
0000
0000
0000
0000
0000
0000
0000
0000
0000
0000
0000
0000
0000
0000
0000
0000
0000
0000
0000
0000
0000
0000
0000
0000
0000
0000
0000
0000
0000
1060
0000
0000
0000
0000
0000
0000
0000
0000
0000
0000
0000
0000
0000
0000
0000
0000
0000
0000
0000
0000
0000
0000
0000
0000
0000
0000
0000
0000
0000
0000
0000
0000
0000
0000
0000
0000
0000
0000
0000
0000
630C
8C2D
7B00
9320
6220
0020
0000
1880
20C0
0000
0000
0000
0000
0000
0000
0000
0000
0000
0000
0000
0000
0000
0000
0000
0000
0000
0000
0000
0000
0000
0000
0000
0000
0000
0000
0000
0000
0000
0000
0000
0000
0000
0000
0000
0000
0000
0000
0000
0000
0000
94B3
FFD9
FE61
FD80
BC00
1060
0000
7280
D480
8B20
4160
0000
0000
0000
0000
0000
0000
0000
0000
0000
0000
0000
0000
0000
0000
0000
0000
0000
0000
0000
0000
0000
0000
0000
0000
0000
0000
0000
0000
0000
0000
0000
0000
0000
0000
0000
1040
6A60
3120
0000
6B07
FF2D
FE60
FD80
C440
18A0
0000
9B60
FD80
FD80
B3E0
0840
0000
0000
0000
0000
0000
0000
0000
0000
0000
0000
0000
0000
0000
0000
0000
0000
0000
0000
0000
0000
0000
0000
0000
0000
0000
0000
0000
0000
0000
0000
0000
0000
0000
0840
82E0
ED20
5A00
0000
5220
F680
F680
FD80
D4A0
20C0
0820
B3E0
FD60
FD60
8B00
0000
4160
0000
0000
0000
0000
0000
0000
0000
0000
0000
0000
0000
0000
0000
0000
0000
0000
0000
0000
0000
0000
0000
0000
0000
0000
0000
0000
0000
0000
0000
0000
0000
0020
7AA0
F540
FD60
8AE0
0000
5240
F680
F680
FDA0
F540
ABA0
82E0
E4E0
FD60
F540
51C0
0000
0000
0000
0000
0000
0000
0000
0000
0000
0000
0000
0000
0000
0000
0000
0000
0000
0000
0000
0000
0000
0000
0000
0000
0000
0000
0000
0000
0000
0000
0000
0000
0000
0000
8B20
FD60
FD60
CC80
8B20
D5A0
F6A0
F6A0
FDA0
FD60
FD60
FD60
FD60
FD60
D4A0
20E0
0000
0000
0000
0000
0000
0000
0000
0000
0000
0000
0000
0000
0000
0000
0000
0000
0000
0000
0000
0000
0000
0000
0000
0000
0000
0000
0000
0000
0000
0000
0000
0000
0000
0000
3120
DCC0
FD60
FD60
FD80
FE80
F6A0
F6A0
FDC0
FD40
FD60
FD60
FD60
FD60
ABC0
0840
0000
0000
0000
0000
0000
0000
0000
0000
0000
0000
0000
0000
0000
0000
0000
0000
0000
0000
0000
0000
0000
0000
0000
0000
0000
0000
0000
0000
0000
0000
0000
0000
0000
0000
0000
9320
FD60
FD60
FD60
F640
F6A0
F6A0
FE00
FD60
FD60
FD60
FD60
FD60
7AA0
0000
0000
0000
0000
0000
0000
0000
0000
0000
0000
0000
0000
0000
0000
0000
0000
0000
0000
0000
0000
0000
0000
0000
0000
0000
0000
0000
0000
0000
0000
0000
0000
0000
0000
0000
0000
3960
E4E0
FD60
FD60
FE00
FEC0
F6A0
F600
F540
F540
F540
FD60
ED20
4980
0000
0000
0000
0000
0000
0000
0000
0000
0000
0000
0000
0000
0000
0000
0000
0000
0000
0000
0000
0000
0000
0000
0000
0000
0000
0000
0000
0000
0000
0000
0000
0000
0000
0000
0000
0000
0820
9B60
FD60
FD60
ED40
E4E0
DC00
DB80
DB20
DB40
DB60
E420
CC20
20C0
0000
0000
0000
0000
0000
0000
0000
0000
0000
0000
0000
0000
0000
0000
0000
0000
0000
0000
0000
0000
0000
0000
0000
0000
0000
0000
0000
0000
0000
0000
0000
0000
0000
0000
0000
0000
0000
4180
E4E0
E420
D2C0
DA80
DA60
DA60
DA80
DA80
DA60
DA80
9200
0820
1060
0000
0000
0000
0000
0000
0000
0000
0000
0000
0000
0000
0000
0000
0000
0000
0000
0000
0000
0000
0000
0000
0000
0000
0000
0000
0000
0000
0000
0000
0000
0000
0000
0000
0000
0000
0000
0840
8A60
DAA0
DA80
DA80
DA80
DA80
DA80
DA80
DA80
BA20
40C0
0000
0000
0000
0000
0000
0000
0000
0000
0000
0000
0000
0000
0000
0000
0000
0000
0000
0000
0000
0000
0000
0000
0000
0000
0000
0000
0000
0000
0000
0000
0000
0000
0000
0000
0000
0000
0000
0000
0000
2040
8180
BA20
CA60
D260
CA60
C220
A1E0
7960
30A0
0000
0000
0000
0000
0000
0000
0000
0000
0000
0000
0000
0000
0000
0000
0000
0000
0000
0000
0000
0000
0000
0000
0000
0000
0000
0000
0000
0000
0000
0000
0000
0000
0000
0000
0000
0000
0000
0000
0000
0000
0000
0800
2880
40C0
48E0
40C0
3080
1840
0000
0000
0000
0000
0000
0000
0000
0000
0000
0000
0000
0000
0000
0000
0000
0000
0000
0000
0000
0000
0000
0000
0000
0000
0000
0000
0000
0000
0000
0000
0000
0000
0000
0000
0000
0000
0000
0000
0000
0000
0000
0000
4986
0000
0000
0000
0000
0000
0000
0000
0000
0000
0000
0000
0000
0000
0000
0000
0000
0000
0000
0000
0000
0000
0000
0000
0000
0000
0000
0000
0000
0000
0000
0000
0000
0000
0000
0000
0000
0000
0000
0000
0000
0000
0000
0000
0000
0000
0000
0000
0000
0000
0841
1882
20C3
3104
4145
51A7
6A08
7A8A
930C
61E8
0000
0000
0000
0000
0000
0000
0000
0000
0000
0000
0000
0000
0000
0000
0000
0000
0000
0000
0000
0000
0000
0000
0000
0000
0000
0000
0000
0000
0000
0000
0000
0000
0000
0000
0000
0000
0000
0000
0000
0000
3925
6208
9B2D
DC52
E493
ECB3
ECB4
9B2D
7A8A
92EC
20A2
0000
0000
0000
0000
0000
0000
0000
0000
0000
0000
0000
0000
0000
0000
0000
0000
0000
0000
0000
0000
0000
0000
0000
0000
0000
0000
0000
0000
0000
0000
0000
0000
0000
0000
0000
0000
0000
0000
0000
0020
0000
82AB
F4D4
ECD4
ECD4
E4B3
4165
0000
0841
0821
0000
0000
0000
0000
0000
0000
0000
0000
0000
0000
0000
0000
0000
0000
0000
0000
0000
0000
0000
0000
0000
0000
0000
0000
0000
0000
0000
0000
0000
0000
0000
0000
0000
0000
0000
0000
0000
0000
0000
0820
3904
C3F0
ECD4
DC72
DC72
ECB4
92EC
2082
0000
0000
0000
0000
0000
0000
0000
0000
0000
0000
0000
0000
0000
0000
0000
0000
0000
0000
0000
0000
0000
0000
0000
0000
0000
0000
0000
0000
0000
0000
0000
0000
0000
0000
0000
0000
2861
1020
1020
38E4
7229
A34D
D452
E4B3
D431
BBAF
BBAF
E493
E4B3
C3F0
826A
4124
1861
0800
0000
0000
0000
0000
0000
0000
0000
0000
0000
0000
0000
0000
0000
0000
0000
0000
0000
0000
0000
0000
0000
0000
0000
0000
0000
0000
0000
0000
0000
0000
0000
0000
0000
0000
28C3
BBAF
D452
ECD4
ECD4
CC31
9B2D
ECD4
ECD4
CC11
DC72
ECD4
ECD4
DC72
9B0D
1061
0000
0000
0000
0000
0000
0000
0000
0000
0000
0000
0000
0000
0000
0000
0000
0000
0000
0000
0000
0000
0000
0000
0000
0000
0000
0000
0000
0000
0000
0000
0800
0000
0000
0000
7A6A
6A49
1882
82AB
ECB4
CC11
A32D
ECD4
ECD4
C3F0
DC72
ECB3
930C
6208
C3F0
4986
0000
0000
3082
3882
0800
0000
0000
0000
0000
0000
0000
0000
0000
0000
0000
0000
0000
0000
0000
0000
0000
0000
0000
0000
0000
0000
0000
0000
0000
0000
0000
0800
0000
3945
C3F0
828B
4165
20A2
CC11
CC11
A34E
ECD4
ECD4
C3F0
DC72
A34E
1862
1061
7A6A
92EC
0000
0000
0820
0800
0000
0000
0000
0000
0000
0000
0000
0000
0000
0000
0000
0000
0000
0000
0000
0000
0000
0000
0000
0000
0000
0000
0000
0000
0000
0800
1821
1841
1841
8AAB
ECD4
ECB3
B38F
828B
C3F0
CC11
AB6E
ECD4
ECD4
C410
DC72
92EC
8ACB
C3F0
C3F0
CC31
28E4
1020
2041
1841
1841
0800
2041
0000
0000
0000
0000
0000
0000
0000
0000
0000
0000
0000
0000
0000
0000
0000
0000
0000
0000
0000
0000
0000
0000
0800
2041
2041
1841
6A08
E493
E493
D452
C3D0
BBD0
D452
D431
ECD4
ECD4
BBD0
9B2D
9B2D
AB6E
DC72
E4B3
E493
6A29
1841
2041
2041
2041
0820
FBB1
0000
0000
0000
0000
0000
0000
0000
0000
0000
0000
0000
0000
0000
0000
0000
0000
0000
0000
0000
0000
0000
0000
0000
1020
1841
2041
2882
4145
5186
51A7
6A08
CC11
ECB3
ECD4
ECB4
ECB4
E493
C3F0
8ACC
4166
5186
5166
4945
38E3
2041
2041
1841
1841
0800
2041
0000
0000
0000
0000
0000
0000
0000
0000
0000
0000
0000
0000
0000
0000
0000
0000
0000
0000
0000
0000
0000
0000
0000
0000
0000
0000
0800
0800
0800
0800
5186
C3F0
DC72
E4B3
ECB4
ECD4
ECB4
E4B3
D431
4166
0800
1000
0800
0800
0800
0800
0000
0000
0000
0000
0000
0000
0000
0000
0000
0000
0000
0000
0000
0000
0000
0000
0000
0000
0000
0000
0000
0000
0000
0000
0000
0000
0000
1863
2925
10A2
0861
0020
0000
0000
0000
1061
30E4
4166
59C7
61E8
59C7
4145
20A2
0000
0000
0000
0020
0841
1082
0842
0000
0000
0000
0000
0000
0000
0000
0000
0000
0000
0000
0000
0000
0000
0000
0000
0000
0000
0000
0000
0000
0000
0000
0000
0000
0000
0000
592C
C599
D6BA
C618
B5B6
AD55
A4F4
9CD3
9492
8C71
8C51
8451
8430
8430
8410
8410
8C51
9472
9CF3
AD55
BDF7
BDB8
71CF
1022
0000
0000
0000
0000
0000
0000
0000
0000
0000
0000
0000
0000
0000
0000
0000
0000
0000
0000
0000
0000
0000
0000
0000
0000
0000
1021
60EC
9AD4
F73E
FFFF
FFFF
FFFF
FFFF
FFFF
FFFF
FFFF
FFFF
FFFF
FFFF
FFFF
FFFF
FFFF
FFFF
FFDF
FFFF
FFFF
FFDF
B437
7130
3065
0000
0000
0000
0000
0000
0000
0000
0000
0000
0000
0000
0000
0000
0000
0000
0000
0000
0000
0000
0000
0000
0000
0000
0000
0000
2042
690D
7110
9AD4
E67C
FFFF
FFDF
FFDF
FFFF
FFFF
FFFF
FFFF
F7BE
F7BE
FFFF
FFFF
FFFF
FFFF
F7BE
FFFF
EEFD
ABB6
7950
710F
3886
1020
0000
0000
0000
0000
0000
0000
0000
0000
0000
0000
0000
0000
0000
0000
0000
0000
0000
0000
0000
0000
0000
0000
0000
1821
2862
690D
7930
7110
81B1
ABF6
D5FB
EF3D
FFDF
FFFF
FFFF
FFFF
FFFF
FFDF
FFFF
FFFF
FFDF
F75E
D61B
B437
8A12
7110
7130
710F
3885
2041
0820
0000
0000
0000
0000
0000
0000
0000
0000
0000
0000
0000
0000
0000
0000
0000
0000
0000
0000
0000
0000
0000
0800
2041
2862
60ED
7930
7130
7110
710F
7970
8A32
9B14
ABB6
B437
BC98
BC98
BC97
B457
ABD6
9B14
8A32
7970
7110
7110
7130
7130
710F
3064
2041
0800
0000
0000
0000
0000
0000
0000
0000
0000
0000
0000
0000
0000
0000
0000
0000
0000
0000
0000
0000
0000
0000
0000
1821
2041
58EB
7930
7130
7130
7130
7110
7110
710F
710F
70EF
68EF
70EF
710F
70EF
710F
710F
7110
7110
7130
7130
7130
7930
690E
2863
1020
0000
0000
0000
0000
0000
0000
0000
0000
0000
0000
0000
0000
0000
0000
0000
0000
0000
0000
0000
0000
0000
0000
0000
0000
1841
48C9
7930
7110
7130
7130
7130
7130
7130
60CE
506B
484A
60AD
60CE
484B
58AD
7910
7930
7130
7130
7130
7130
7110
60EC
2041
0000
0000
0000
0000
0000
0000
0000
0000
0000
0000
0000
0000
0000
0000
0000
0000
0000
0000
0000
0000
0000
0000
0000
0000
0000
0800
3926
9B34
7970
710F
7110
7130
7930
8911
788E
604C
504B
68EE
60CD
502A
808E
B113
B914
9912
7930
7110
7130
9293
59EA
0800
0000
0000
0000
0000
0000
0000
0000
0000
0000
0000
0000
0000
0000
0000
0000
0000
0000
0000
0000
0000
0000
0000
0000
0000
0000
0000
0820
8C51
D5BA
9AF4
7970
7910
A8F3
C915
C915
C0F4
B0F3
98F1
708E
A0D1
C915
C915
C8F5
C8F5
9131
8A32
C4D8
C5F8
2904
0000
0000
0000
0000
0000
0000
0000
0000
0000
0000
0000
0000
0000
0000
0000
0000
0000
0000
0000
0000
0000
0000
0000
0000
0000
0000
0000
0000
18C3
BDF7
FFBF
DE1B
B437
CAF7
D236
D1D6
D196
D196
C995
C175
D1B6
D1F6
D257
DB18
E419
DD7A
EF3E
F7BE
62EB
0000
0000
0000
0000
0000
0000
0000
0000
0000
0000
0000
0000
0000
0000
0000
0000
0000
0000
0000
0000
0000
0000
0000
0000
0000
0000
0000
0000
0000
0000
2945
C618
FFFF
FFFF
FFBF
FF5E
FEFE
F6BE
F69D
F69D
F6BD
F6FE
FF3E
FF7F
FFDF
FFFF
FFFF
FFDF
83EF
0820
0000
1040
1040
0000
0000
0000
0000
0000
0000
0000
0000
0000
0000
0000
0000
0000
0000
0000
0000
0000
0000
0000
0000
0000
0000
0000
0000
30A0
4900
0000
0000
2104
A514
FFDF
FFFF
FFFF
FFFF
FFFF
FFFF
FFFF
FFFF
FFFF
FFFF
FFFF
FFFF
FFFF
EF3D
738E
0841
0000
1860
71A0
40E0
0000
0000
0000
0000
0000
0000
0000
0000
0000
0000
0000
0000
0000
0000
0000
0000
0000
0000
0000
0000
0000
0000
0000
0000
6980
9220
5940
0820
0000
1061
630C
CE59
FFDF
FFFF
FFFF
FFFF
FFDF
FFFF
FFFF
FFFF
FFFF
F79E
B596
4208
0000
0000
1860
71A0
9A40
71C0
0820
0000
0000
0000
0000
0000
0000
0000
0000
0000
0000
0000
0000
0000
0000
0000
0000
0000
0000
0000
0000
0000
0000
2080
A260
A260
9220
6980
2060
0000
0000
18C3
5AAA
9CD3
CE38
E6FB
E73C
E71C
DEDB
BDF7
8C51
4A08
1061
0000
0000
28A0
79C0
9A40
B2A0
AA80
2080
0000
0000
0000
0000
0000
0000
0000
0000
0000
0000
0000
0000
0000
0000
0000
0000
0000
0000
0000
0000
0000
0000
4900
BAA0
BAA0
A260
9220
81E0
38E0
0000
0000
0000
0820
1882
2904
3145
2945
20E3
1061
0800
0000
0000
0000
40E0
8200
9A40
B2A0
BAC0
BAC0
4920
0000
0000
0000
0000
0000
0000
0000
0000
0000
0000
0000
0000
0000
0000
0000
0000
0000
0000
0000
0000
0000
0041
21A6
61C2
AA60
BAA0
AA80
9A20
9220
6160
2080
0000
0000
0800
0800
0800
0800
0800
0800
0000
0000
1860
6160
8A20
9A60
B2A0
BAC0
AA60
71E1
2985
0041
0000
0000
0000
0000
0000
0000
0000
0000
0000
0000
0000
0000
0000
0000
0000
0000
0000
0000
0000
0000
08E5
23F4
2351
3228
7A01
B280
B280
A240
9220
9302
5222
1060
0000
0000
0800
0800
0000
0000
0860
49E2
8B02
9240
A260
B2A0
A260
69E1
3207
2330
23F4
0946
0000
0000
0000
0000
0000
0000
0000
0000
0000
0000
0000
0000
0000
0000
0000
0000
0000
0000
00A3
0000
120A
2C56
2C56
2435
2371
4269
7A22
A260
AA80
B403
AC44
8B63
41A1
0840
0000
0000
0820
3981
8343
AC24
B423
AAA0
9220
59E3
2A49
2351
2415
2C56
2C56
122B
0000
0000
0000
0000
0000
0000
0000
0000
0000
0000
0000
0000
0000
0000
0000
0000
0000
0000
0000
0061
1B51
2C56
2C35
2C35
2C56
2435
23B2
32CC
5A66
93A4
AC24
AC44
AC24
8343
41A1
3961
7AE2
A403
AC04
9BE4
7B65
4288
22EE
23B3
2435
2C56
2C35
2C35
2C56
1B50
0061
0000
0000
0000
0000
0000
0000
0000
0000
0000
0000
0000
0000
0000
0000
0000
0000
0000
0000
0926
2414
2C35
2C35
2C35
2C35
2C35
2C56
2456
2414
2391
330D
42C9
52C6
5AA5
5AA4
5AA5
5AE6
5308
3B2B
2B4F
23B3
2435
2C56
2C55
2C35
2C35
2C35
2C35
2C55
23F4
0905
0000
0000
0000
0000
0000
0000
0000
0000
0000
0000
0000
0000
0000
0000
0000
0000
0000
0000
124B
2C56
2C35
2C35
2C35
2C35
2C35
2C35
2C35
2C35
2C56
2456
2435
23F4
23B3
2392
23B3
23D4
2415
2436
2C56
2C55
2C35
2C35
2C35
2C35
2C35
2C35
2415
2415
2415
11E9
0000
0000
0000
0000
0000
0000
0000
0000
0000
